38
53
105
165
169
174
197
268
294
323
336
433
498
513
519
569
580
612
625
627
681
692
702
733
747
764
784
793
798
800
802
805
810
819
820
827
832
835
850
881
911
914
916
927
929
933
937
941
942
955
957
967
971
979
982
989
992
995
997
1004
1008
1014
1016
1028
1030
1038
1042
1057
1061
1065
1074
1078
1094
1095
1108
1116
1128
1131
1139
1149
1155
1166
1175
1177
1182
1183
1193
1202
1232
1234
1241
1243
1249
1251
1261
1276
1300
1310
1314
1316
1318
1330
1331
1335
1343
1350
1352
1358
1362
1365
1366
1367
1371
1373
1376
1377
1380
1386
1387
1388
1389
1393
1396
1397
1399
1407
1409
1410
1411
1413
1414
1415
1416
1420
1421
1428
1435
1440
1441
1449
1450
1452
1453
1454
1460
1461
1462
1468
1471
1472
1488
1505
1517
1572
1573
1582
1592
1601
1639
1651
1692
1706
1708
1711
1716
1717
1737
1743
1744
1791
1806
1826
1829
1830
1834
1835
1842
1849
1869
1878
1881
1887
1891
1899
1901
1917
1920
1922
1923
1953
1956
1988
1992
2060
2144
2225
2283
2285
2332
2423
2454
2461
2683
2712
2763
2775
2815
2818
2832
2884
2951
2975
2985
2987
3043
3071
3130
3139
3140
3158
3160
3178
3215
3259
3268
3281
3282
3344
3354
3463
3596
3665
3779
3871
3884
3935
4029
4091
4105
4117
4125
4128
4154
4165
4203
4233
4241
4313
4337
4341
4343
4344
4359
4371
4381
4391
4415
4439
4460
4479
4491
4493
4567
4574
4601
4613
4627
4637
4655
4659
4679
4720
4728
4764
4766
4777
4783
4792
4801
4815
4833
4842
4901
4927
4947
5007
5013
5071
5141
5149
5241
5252
5273
5319
5321
5329
5341
5345
5349
5361
5371
5403
5681
5917
5921
6033
6087
6230
6286
6301
6333
6351
6403
6495
6504
6524
6581
6588
6590
6610
6634
6838
6853
6970
7124
7176
7522
7566
7643
7655
7802
7855
7926
7958
7993
8039
8062
8191
8204
8333
9006
9274
9438
9808
9826
10601
10634
10831
11541
12145
12514
12542
12647
14069
15665
23671
23987
24015
24071
24147
24235
24238
24280
24284
24288
24429
24506
24655
24852
25063
25087
25102
25120
25126
25144
25162
25187
25242
25278
25282
25284
25335
25354
25355
25399
25400
25451
25489
25499
25514
25609
25795
25826
25960
26027
26031
26033
26035
26155
26294
26354
26370
26393
26491
26506
26536
26579
26603
26635
26687
26768
26786
26823
26860
26867
26935
26955
27592
27850
28581
28648
28716
29184
29239
29323
29478
29495
29992
30017
30178
30236
30286
30289
30291
30372
30548
30554
30590
30642
30746
30784
30844
30920
30922
30949
30950
30955
30959
30972
30979
30999
31000
31002
31022
31053
31073
31074
31077
31098
31115
31129
31138
31140
31146
31207
31254
31260
31274
31279
31284
31288
31317
31342
31344
31346
31369
31398
31412
31429
31468
31486
31504
31522
31532
31533
31550
31551
31561
31566
31609
31636
31647
31653
31661
31668
31685
31702
31709
31712
31714
31723
31729
31730
31739
31744
31745
31757
31761
31769
31772
31773
31775
31823
31824
31825
31836
31837
31854
31855
31857
31864
31878
31907
31909
31913
31931
31934
31954
31982
32048
32057
32058
32070
32089
32100
32101
32102
32130
32134
32137
32138
32141
32154
32155
32158
32159
32185
32187
32193
32258
32314
32338
32347
32353
32361
32362
32372
32373
32374
32379
32384
32387
32389
32392
32393
32395
32397
32403
32406
32425
32428
32438
32467
32508
32511
32513
32515
32525
32535
32536
32538
32539
32547
32550
32566
32568
32574
32578
32580
32581
32582
32583
32585
32586
32587
32612
32621
32622
32636
32640
32641
32642
32659
32663
32672
32695
32698
32710
32725
32728
32738
32744
32769
32780
32784
32792
32853
32985
33079
33301
33629
33645
33677
33685
33701
33716
33719
33727
33731
33747
33770
33784
33793
33886
33989
34025
34053
34084
34333
34530
34594
34668
34700
34719
34737
34831
34880
35062
35084
35117
35144
35145
35150
35153
35159
35192
35270
35311
35341
35342
35364
35574
35815
35843
35859
36119
36457
36488
36609
36633
36681
36732
36793
37745
37831
37891
38127
38588
39525
39684
40819
41077
41231
41963
42102
42710
43243
43502
44824
45045
45593
46092
47439
47518
47712
49353
49420
52294
52296
52353
52387
52500
52573
52585
52671
52792
52794
52803
52833
52867
52868
52873
53473
53625
54191
54302
54303
55485
60270
61081
61139
61186
61517
61654
61780
61806
62026
62181
62337
62342
62378
62400
62423
62427
62502
62511
62538
62539
62546
62597
62623
62649
62689
62860
62871
62872
62895
62904
62947
62955
62962
63020
63048
63142
63164
63179
63551
64020
64202
64524
65152
65593
65616
67575
70428
70533
70917
71024
73004
73147
73603
73906
73913
74008
74060
74062
74092
74095
74116
74121
74124
74146
74160
75066
77613
78462
79539
80271
80304
80331
80655
80675
80889
82032
83488
83795
83927
84217
84301
84342
84396
84426
84427
84462
84528
84535
84540
84549
84594
84604
84619
84627
84658
85808
93900
93948
94436
94511
94649
94707
94761
94931
94935
95093
95108
95131
95150
95168
95172
95182
95269
95293
95334
95346
95348
95368
95369
95384
95393
95396
95407
95411
95475
95481
95496
95565
95593
95599
95617
95635
95661
95680
95694
95696
95698
95732
95746
95754
95792
95807
95823
95844
95888
95896
95916
95979
95998
96017
96030
96044
96060
96082
96083
96090
96092
96099
96100
96102
96109
96122
96125
96144
96154
96155
96158
96196
96201
96208
96222
96227
96247
96250
96256
96272
96285
96287
96289
96290
96307
96344
96348
96353
96361
96364
96394
96426
96461
96495
96511
96514
96516
96536
96537
96540
96542
96551
96564
96571
96572
96573
96575
96586
96589
96608
96610
96611
96612
96631
96632
96635
96642
96656
96659
96660
96661
96663
96664
96676
96679
96689
96691
96695
96714
96715
96719
96723
96733
96740
96741
96747
96748
96755
96765
96766
96790
96792
96798
96799
96801
96804
96826
96838
96839
96842
96854
96870
96874
96884
96886
96887
96915
96924
96928
96950
96956
96959
96962
96964
96966
96972
97078
97087
97292
97328
97375
97414
97438
97439
97454
97592
97626
97664
97668
97669
97692
97723
97752
97811
97843
97912
97970
98009
98051
98122
98131
98219
98306
98320
98335
98350
98421
98457
98502
98697
98711
98729
98739
98741
98788
98838
98868
98874
98887
98893
98903
98919
98971
99000
99036
99039
99052
99064
99068
99076
99117
99118
99137
99148
99157
99173
99520
99534
100190
100362
100379
100385
100391
100519
100556
100563
100580
101858
101962
101971
102002
102012
102049
104100
107871
109096
109204
109348
109354
109355
109417
109871
114021
115485
125149
125413
125482
127629
127715
127729
127929
128381
128446
128451
128524
128560
128599
128736
128790
128795
128798
128817
128843
128853
128873
128882
128943
128955
128993
129002
129010
129016
129021
129054
129069
129072
129087
129095
129104
129150
129152
129153
129172
129174
129175
129184
129202
129203
129206
129208
129225
129245
129261
129272
129394
129396
129400
129402
129413
129418
129419
129424
129433
129436
129440
129446
129452
129454
129456
129463
129467
129476
129494
129499
129502
129511
129512
129513
129515
129523
129553
129583
129585
129600
129602
129603
129604
129605
129609
129621
129624
129638
129660
129672
129677
129686
129689
129696
129704
129705
129706
129725
129727
129730
129734
129749
129757
129758
129769
129771
129775
129778
129794
129796
129798
129818
129820
129822
129823
129836
129839
129842
129846
129850
129855
129859
129862
129878
129885
129890
129902
129906
129910
129921
129926
129936
129941
129946
129966
129968
129970
129971
129975
129983
129990
130006
130011
130029
130032
130057
130063
130107
130117
130120
130127
130140
130142
130145
130154
130177
130184
130199
130248
130701
130873
131615
131814
131848
131849
131895
131907
131914
131943
131955
131963
131982
131999
132025
132079
132126
132128
132239
132249
132259
132303
132367
132406
132528
132539
132577
132671
132721
132742
132778
132827
132862
133127
133364
133391
133497
133528
133673
133702
133712
133769
133779
133797
133889
133951
133952
133957
133972
133978
133987
133993
134015
134026
134034
134036
134056
134126
135843
142175
146522
150759
151243
151415
151418
151470
151568
151609
151628
152755
154421
155138
155180
155352
155460
155470
155476
155706
155848
155896
155925
155940
155958
157098
158453
158622
158933
159142
159208
159276
159372
159382
159483
159699
159700
159702
159707
159917
159934
159987
160072
160110
160120
160121
160199
160206
160217
160223
160244
160247
160258
160834
160956
161284
162141
162164
162536
162871
162932
163108
163109
163152
163199
163505
164061
164069
169484
169764
169790
170197
170199
172357
172611
172752
172960
173047
173737
177188
177822
177983
177988
178032
181118
181184
181215
182781
183491
183542
184798
184937
184941
185065
185205
185272
185275
185400
185480
185530
185544
185571
185573
185579
185653
185658
185723
185741
185908
185923
185941
185948
185961
185972
185975
185998
186002
186025
186029
186039
186063
186119
186123
186134
186147
186159
186173
186177
186179
186187
186191
186197
186273
186299
186320
186321
186322
186323
186329
186337
186353
186358
186370
186390
186391
186394
186395
186396
186400
186412
186417
186418
186426
186427
186437
186450
186455
186456
186463
186472
186484
186502
186514
186530
186536
186543
186552
186560
186567
186585
186587
186591
186595
186606
186619
186637
186660
186662
186668
186675
186678
186680
186694
186705
186710
186733
186734
186735
186753
186766
186795
186797
186801
186805
186815
186848
186863
186864
186877
186878
186899
186907
186910
186912
186922
186924
186932
186936
186941
186945
186954
186961
186965
186968
186977
186982
186983
186986
186995
187032
187035
187074
187098
187102
187110
187116
187160
187170
187210
187215
187216
187220
187232
187245
187254
187260
187557
187680
187878
187941
187969
187977
188057
188089
188218
188282
188340
188444
188599
188626
188713
188760
188848
188865
189061
189118
189124
189156
189238
189260
189262
189286
189290
189296
189349
189585
189707
189797
189896
189956
189959
190049
190168
190679
191285
191286
191303
191367
193149
193196
194768
197704
197807
198040
198051
198062
198086
198116
198166
198220
198562
198736
198739
198786
202002
202568
205382
205411
205776
205944
205983
212976
213486
214996
215532
216612
217194
218595
218858
218989
219211
219433
219486
219534
219633
219730
219737
219847
219920
219933
220040
220052
221450
221615
223943
225000
225238
234692
237316
237695
239578
240244
241036
251477
253463
253657
254081
257663
258137
258164
260833
260862
260904
260924
260932
262274
262324
262551
262644
286609
289398
290036
293951
294000
309344
310131
310132
310217
310288
310486
318784
320838
322964
324712
330582
332047
332147
333414
333499
333594
333616
333670
333689
333731
333781
333797
333815
333989
334044
334576
335521
335653
335673
335705
336133
336287
337394
337432
338180
339083
339093
339112
340342
361467
362026
362272
362339
362741
362772
364986
366496
366753
367822
380232
380777
380833
380886
380970
382624
383223
383556
405455
411876
418101
418197
418203
418281
418375
418438
418704
430027
430097
430355
430403
432782
432840
432872
432880
432881
432896
432899
432912
432913
433156
433169
433194
433380
433423
433457
433458
433500
433723
433778
433811
434099
434242
434243
435327
435908
435939
435957
435988
436159
436921
437210
441131
445445
445827
445831
446236
446442
447105
447134
447166
447226
447240
447278
447554
448093
448107
448290
448342
448372
448379
448389
448448
449187
449298
450031
452982
455376
455382
455794
455799
455805
455900
456067
456276
456477
456593
457047
458549
458755
459145
459307
459653
459660
460160
463850
465580
467567
469717
473149
496775
498161
516291
518749
518833
522606
523939
523963
524055
524309
524549
524849
525019
525082
525790
527351
527532
527618
527765
529415
529483
529627
529664
529689
529837
529856
529896
530188
530190
530320
530365
530757
530758
530762
530921
531967
532358
533182
537056
537108
537117
537121
537203
537208
537217
537271
537285
537332
537347
537493
537514
537558
537584
537592
537595
537599
537625
537660
537666
537758
537759
537837
537914
538034
538861
538907
539680
539720
539961
539967
539993
540184
540189
540203
540217
540248
540251
540261
540290
540319
540476
540548
540571
540579
540600
540613
545244
581000
581043
581067
581197
581199
581206
581220
581238
600687
608189
608285
608329
689021
749934
751551
752045
765721
766260
766659
781651
784373
785058
785998
786811
893767
896225
896234
978883
1068598
1122903
1167415
1359363
1444078
1452322
1452457
1452625
1477610
1477637
1478449
1478864
1479337
1494236
1494245
1494396
1494446
1494447
1494666
1525103
1525399
1548028
1548632
1846739
1854914
1872881
2158083
2158213
2158417
2158512
2170272
2178735
2178933
2206665
2206688
2206980
2206983
2483331
2483333
2510251
2510388
2510817
2511082
2511096
2511125
2538633
2816035
2823228
2875858
3156869
3156875
3169811
3181368
3181370
3187862
3188072
3510051
3510186
3510260
3510288
3510293
3526251
3526262
3568416
3857303
3861304
3861479
3861542
3861598
3861642
3861716
3861741
3861826
3861958
3862043
3862059
3862097
3862118
3862352
3862360
3862381
3862426
3862473
3862494
3862554
3862572
3862667
3862683
3862693
3862700
3862725
3876562
3876586
3877087
4187912
4192267
4243068
4536500
4536517
4536524
4536525
4536527
4536535
4536537
4536538
4536572
4536574
4536583
4545327
4545389
4545394
4545404
4545430
4545453
4545461
4545466
4545513
4545529
4552689
4592175
4598710
4598726
4969682
4969702
5270371
5270462
5270468
5270497
5336861
5640817
5640878
5640926
5640928
5641028
5641043
5666457
5666458
5666474
5967843
5967970
6013424
6306127
6306131
6306138
6599943
6642577
6648042
6970659
6983809
6983860
7026573
7026744
7340703
7346228
7387389
7691269
7698421
7698423
7698433
7698436
7714347
8043787
8092941
8101006
8403182
8403613
8415421
8417256
8417290
8417828
8449373
8932826
9279559
9302763
9308193
9308200
9605680
9611543
9939024
9939176
9939186
9939203
9967153
10264962
10279739
10279765
10310312
10310744
10319453
10626721
10959356
10967415
10990739
10995439
11298787
11311795
11322446
11347016
11353231
11658171
11676280
11704884
11705403
11705406
11720838
11781676
12016844
12036865
12066349
12066684
12393284
12393310
12393396
12394069
12426453
12433108
13171199
13186239
13553593
13590962
13591496
13633381
13981024
13981031
14004542
14338024
14350739
14685650
14726357
15040126
15395119
15434627
15524638
15763370
16119517
16120895
16144551
16475796
16475797
16475841
16476267
16496676
16496682
16827155
16827159
16827175
16837815
16845996
17158438
17187709
17187774
17544737
18218609
19606965
19625217
19979845
19988728
19988729
20673391
20673398
20691926
20716662
20716664
21036703
21054114
21054226
21054913
21065074
21065095
21065096
21072805
21394947
21412317
21412344
21412345
21412837
21412957
21412958
21427690
21427714
21427729
21427813
21437534
21762179
21762182
21762216
21762788
21762805
21762806
21773178
21781428
21782194
21782219
21782390
21803033
21803059
22126606
22136685
22145386
22146099
22158925
22158926
22168912
22169319
22536030
22536031
22536394
22878573
22897169
23223420
23242223
23269567
23269626
23269627
23269641
23269646
23269650
23269651
23269660
23269664
23269737
23269740
23269836
23277918
23277919
23278660
23278683
23278684
23288018
23288050
23288607
23301876
23637699
23638292
23688922
23697427
23697440
23697866
23697916
23697990
23698162
23707367
23707369
23707373
23730765
23738800
23738801
24065312
24065388
24081699
24100318
24468970
24469059
24469115
24469185
24799857
24799911
24799984
24817070
24817071
24817135
24817171
24817371
24817373
24817375
24817389
24818798
24837941
24837947
24838191
25187185
25568439
25922183
25922235
25930741
25930790
25954409
26336812
26715311
26715449
27066563
27066567
27066711
27066718
27067050
27067062
27067064
27067136
27440203
27440211
27440826
27440827
27441544
27815064
28176047
28543553
28552845
28575698
28912710
28912747
28912805
28912983
28912998
28931733
29303604
29313293
29336632
29419594
29720338
29809271
30071846
30446920
30446925
30446936
30446984
30467789
30482209
30866039
31148930
31607851
31640130
32031212
32387131
32404512
32777430
32777439
32777506
32785663
32786894
32795609
32819099
32819168
32819180
32819182
32819236
33186829
33187441
33187618
33561910
34392107
34432365
34443308
34874535
35280539
35281052
35281182
35699874
36085251
36481676
36482306
36873430
37252523
37255840
37257779
37257790
37257793
37259180
37259482
37259654
37260234
37260590
37260591
37260638
37261096
37261283
37261496
37261500
37261923
37262099
37262105
37262106
37266009
37266013
37266015
37266099
37266223
37266296
37266405
37288001
37289022
37289237
37289275
37296248
37296497
37296505
37296692
37297045
37297544
37298063
37303791
37315658
37315995
37316425
37316428
37316446
37316454
37316459
37316465
37316469
37316480
37316549
37316600
37316612
37316840
37316858
37316934
37316940
37316942
37317007
37317015
37317367
37317369
37317375
37317391
37317417
37325012
37328126
37332072
37336214
37336803
37336993
37336999
37337021
37337035
37337041
37337048
37337103
37337152
37337189
37341806
37342613
37342614
37342616
37342619
37342694
37343966
37343967
37343968
37343970
37343971
37351236
37351292
37354789
37357226
37366611
37369430
37371200
37380652
37382883
37391070
37392849
37396571
37400484
37404802
37407284
37423141
37423201
37429246
37445073
37445256
37459030
37459050
37459075
37489044
37512282
37514199
37518779
37520089
37526008
37526248
37528548
37529619
37529822
37530812
37530900
37530901
37530982
37530983
37530984
37530985
37531000
37531504
37532178
37532950
37532973
37533245
37536423
37536550
37536874
37537580
37537922
37537954
37538006
37538351
37538405
37538492
37539430
37539583
37540122
37540621
37540844
37541125
37541244
37543199
37543258
37543259
37544385
37544805
37544963
37545486
37545668
37546378
37546379
37547795
37555255
37555833
37558978
37558983
37558989
37560186
37561784
37561914
37561948
37562065
37563155
37566137
37566703
37567314
37568079
37568659
37568801
37570226
37571579
37572046
37575719
37576590
37577431
37577470
37579360
37579899
37579929
37579976
37580038
37580230
37581992
37582045
37582118
37582157
37582158
37582217
37582257
37582398
37582401
37582422
37583164
37583472
37583841
37584216
37584914
37585962
37588236
37589724
37590611
37590615
37590619
37590697
37592228
37593233
37593236
37593237
37593240
37593964
37596164
37598387
37599457
37599471
37600357
37600364
37600568
37601293
37604044
37612045
37612510
37622173
37631801